4294967279,126
4294967279,125
4294967279,124
4294967279,123
4294967279,122
4294967279,121
4294967279,120
4294967278,267
4294967278,349
4294967278,14
4294967278,11
4294967278,9
4294967278,8
4294967278,7
4294967278,6
4294967278,5
4294967278,4
4294967279,132
4294967279,131
4294967279,130
4294967279,129
4294967279,128
4294967279,127
4294967279,288
4294967278,13
4294967278,12
4294967278,281
10,2
4294967278,277
4294967279,304
7,4
4294967279,286
4294967278,10
4294967278,279
10,5
10,6
4294967279,303
10,4
4294967278,278
4294967278,39
4294967278,38
4294967278,37
4294967278,36
4294967278,35
4294967278,34
4294967278,33
4294967278,32
4294967278,31
4294967278,30
4294967278,29
4294967278,28
4294967278,27
4294967278,26
4294967278,25
4294967278,24
4294967278,23
4294967278,22
4294967278,21
4294967278,20
4294967278,19
4294967278,18
4294967278,17
4294967278,16
4294967278,15
4294967279,174
4294967279,41
4294967279,40
4294967279,39
4294967279,36
4294967279,35
4294967279,34
4294967279,33
4294967279,32
4294967279,31
4294967279,27
4294967279,26
4294967279,24
4294967279,23
4294967279,21
4294967279,20
4294967279,17
4294967279,16
4294967279,14
4294967279,13
4294967279,11
4294967279,285
4294967278,348
4294967279,262
4294967279,258
4294967279,275
4294967279,281
4294967278,347
4294967278,346
28,6
4294967278,345
4294967279,416
4294967279,415
4294967278,344
4294967278,343
4294967279,414
28,5
4294967278,256
4294967279,413
4294967278,342
4294967279,412
4294967278,255
4294967278,341
4294967279,411
4294967279,410
4294967278,254
4294967278,252
28,4
4294967278,253
28,3
28,2
28,1
4294967278,340
4294967278,250
4294967278,248
4294967278,246
4294967278,244
4294967278,242
26,4
4294967278,240
26,3
26,2
26,1
4294967278,239
4294967278,238
4294967278,237
4294967278,236
25,4
25,3
25,2
25,1
4294967278,234
4294967278,232
4294967278,230
4294967278,231
4294967278,228
24,6
4294967278,222
4294967278,225
4294967278,223
24,5
4294967278,220
4294967278,218
24,4
24,3
24,2
24,1
4294967278,216
4294967294,114
4294967294,476
4294967278,214
4294967294,387
4294967294,388
4294967278,213
4294967278,339
4294967279,409
4294967279,408
4294967278,212
23,5
4294967294,1248
4294967294,1159
4294967294,1075
4294967294,173
4294967278,210
23,4
4294967278,209
23,3
23,2
23,1
4294967278,338
4294967294,1244
4294967278,208
4294967294,1160
4294967294,1087
4294967279,407
4294967278,337
4294967278,204
4294967279,406
4294967278,336
4294967278,335
22,5
4294967278,334
4294967279,405
4294967278,202
22,4
22,3
22,2
22,1
4294967279,404
4294967278,201
4294967278,200
4294967294,475
4294967278,333
4294967279,403
4294967279,402
4294967278,198
21,5
4294967279,401
4294967278,332
21,4
4294967278,195
21,3
21,2
21,1
4294967278,331
4294967278,194
4294967294,76
4294967294,41
4294967278,330
4294967278,329
4294967279,400
4294967278,191
20,4
20,3
20,2
20,1
4294967279,399
4294967278,190
0,7
4294967294,42
4294967278,328
4294967294,0
4294967294,5
4294967294,409
4294967294,1068
4294967294,395
4294967294,186
4294967294,1072
4294967294,385
4294967294,421
4294967294,599
4294967294,1242
4294967294,167
4294967294,183
4294967294,189
4294967294,453
4294967294,108
4294967294,410
4294967294,169
4294967294,1
4294967294,455
4294967294,89
4294967279,398
4294967278,327
4294967279,397
4294967278,326
4294967294,441
4294967294,392
4294967294,46
4294967294,1421
4294967294,389
4294967294,115
4294967294,120
4294967294,426
4294967294,2
4294967279,396
4294967278,325
4294967279,395
4294967278,324
4294967294,471
4294967279,394
4294967278,323
4294967294,472
4294967279,393
4294967278,322
4294967294,1246
4294967294,419
4294967294,393
4294967294,45
4294967294,44
4294967294,430
4294967279,392
4294967278,321
4294967294,107
4294967294,50
4294967294,91
4294967294,90
4294967294,87
4294967294,86
4294967294,85
4294967294,84
4294967294,1247
4294967294,1086
4294967294,29
4294967294,28
4294967294,27
4294967294,53
4294967294,52
4294967294,1422
4294967294,96
4294967294,94
4294967279,391
4294967294,9
4294967294,8
4294967279,390
4294967278,320
4294967278,0
4294967294,82
4294967294,93
4294967294,95
4294967294,81
4294967294,1163
4294967294,83
4294967294,68
4294967294,11
4294967294,92
4294967294,88
4294967294,7
